0 32.5
1 31.8
2 30.7
3 29.5
4 28.6
5 27.9
6 28.4
7 30.2
8 33.6
9 37.1
10 40.5
11 43.8
12 46.2
13 48.7
14 50.3
15 51.4
16 50.8
17 48.5
18 45.3
19 42.1
20 39.6
21 37.2
22 35.1
23 33.4
0 31.9
1 30.5
2 29.3
3 28.1
4 27.5
5 26.8
6 27.3
7 29.8
8 33.2
9 36.7
10 40.1
11 43.5
12 46.9
13 49.4
14 51.2
15 52.0
16 51.5
17 49.2
18 46.1
19 42.8
20 39.5
21 36.9
22 34.7
23 32.8
0 33.2
1 32.1
2 31.0
3 30.2
4 29.1
5 28.5
6 29.3
7 31.7
8 35.4
9 38.9
10 42.3
11 45.6
12 48.2
13 50.7
14 52.5
15 53.1
16 52.4
17 50.1
18 47.3
19 44.2
20 41.0
21 38.5
22 36.3
23 34.7